1924
1982
1984
1973
1959
1963
1986
1990
1971
1980
1928
2003
1939
1939
1982
1939
1951
1947
1948
1952
1943
1924
1948
1964
1978
2001
2004
2001
1924
1957
1949
1972
1995
1983
1958
1990
1954
1925
1947
1935
1922
1948
1984
2004
1981
1955
1947
2008
1994
1973
2004
2000
1930
1984
1951
1947
1985
1959
1957
2001
1966
1929
1929
2004
1988
1980
1963
2005
1994
1981
1983
1928
1956
1924
1993
1943
1948
2005
1995
1961
1948
1960
1929
1954
1966
1941
1937
1952
2010
1967
1973
1984
1933
1971
1935
1946
1960
1942
1936
1979
1980
1989
1941
1998
1936
1947
1924
1962
1945
1928
1973
1990
1983
1979
1972
1991
2007
2009
1934
1930
1984
2003
1934
1957
1974
1955
1931
1975
1990
2002
2000
1967
1925
1996
1969
1944
1929
1961
1990
1989
1997
2002
1972
1933
1982
1928
1937
1954
1957
1950
1952
1941
1945
1969
2010
1976
1944
1972
1952
1956
1964
1936
1984
1959
2000
1924
1948
1932
2007
2009
1999
1932
2009
1983
1980
1969
1978
1987
1958
1994
1943
1976
1948
1956
2009
1944
1947
1949
1927
1946
1971
2004
1968
1995
1993
1980
1932
1992
1995
1985
1972
1987
1936
1965
1975
1927
1932
1958
1945
1930
1964
1931
1988
1953
1947
1954
1952
1998
1982
1934
1948
1949
1993
1957
1937
1949
1943
2010
1953
1976
1997
1926
1936
1966
1962
1948
1953
1930
1939
1922
1977
1957
1939
1928
1982
2008
1994
1950
1967
1977
2010
1945
1927
1950
1938
1938
1973
2005
1983
1970
1963
1948
1952
2000
1965
1986
1937
1943
2007
1992
2000
1962
1989
1961
1982
2007
1927
1984
1979
1978
1934
1960
2000
1997
1943
1969
1990
1957
1990
1922
2002
2007
1983
1962
1944
1987
1963
1976
1941
1999
1922
1941
1987
1928
1961
1974
1952
1934
1931
2000
1945
1981
1989
1976
2011
1977
1992
1939
1980
2007
1994
1928
1985
1955
2003
1934
1994
1995
2007
2008
1995
2006
1934
2006
1963
1968
1998
1956
1947
1965
1962
2004
2001
1936
1951
1981
1929
2007
1980
1993
2005
1964
1939
1972
1978
1932
2005
2007
1953
1979
2009
2008
1936
1953
1953
1990
1975
1955
1947
1956
1934
2003
1984
1997
1938
1956
1962
2009
1989
1934
1926
1964
1925
1987
1979
1956
1955
1958
1987
1994
1928
1947
1954
1929
1922
1946
1957
1979
1956
1988
2009
1943
1998
1972
2010
1926
1979
1949
2010
1939
1948
1926
1925
1986
1938
1972
1943
1939
1981
1978
2003
1999
1945
1925
1995
1934
2004
1972
1939
1950
1937
1927
1954
2001
1928
1928
1950
1997
1938
1947
1922
1982
1935
2002
1981
1991
2006
2000
1958
1980
1953
1934
1937
1981
2008
2003
1934
2002
1943
1926
1949
1977
1969
1925
2000
1943
2009
1937
1997
1932
1930
2008
1926
1922
2008
1929
1975
1946
1979
1956
1983
1932
1941
1989
1942
1978
1977
2004
1965
2011
1976
1971
1939
1987
1928
1950
1958
2003
1966
1964
1971
1998
1930
1984
1938
2002
1931
2011
1977
1993
2008
1948
1986
1926
1969
1968
1998
1977
1979
1949
1928
2000
1969
1958
1934
1986
1928
1953
2002
1951
1922
1927
1948
1950
1935
1940
1982
1984
1942
1939
2008
1974
1951
2010
1932
2010
2001
1981
1965
1945
1995
2009
1934
1931
1926
1984
1980
2009
1964
1966
1989
1937
1929
1983
1959
2006
2003
1970
1983
1949
1958
1968
1963
1928
1966
1994
1998
1941
1946
1984
1925
1969
1949
1963
1995
1992
2011
1992
1930
1945
1964
1983
1927
2011
1965
1952
1985
1938
2010
1957
2010
1938
1977
1987
1982
2011
1991
1960
1977
1976
1993
1959
2011
1924
1957
1955
1971
1925
1960
2007
1938
1980
1947
1962
1933
1955
1988
1930
1972
1990
1964
1935
1947
1977
1958
1958
1962
1984
2008
1942
1956
1946
1998
1932
1925
1991
1982
1979
1990
1927
1981
1948
1935
1968
1930
1979
1965
1999
1981
1999
1956
2004
1991
1983
1985
1955
2007
1927
1950
1944
1982
1942
1953
2003
1985
2011
1978
1973
2004
1938
1954
1949
2000
2005
1991
1989
1986
1922
1998
1971
1967
1942
1932
1985
1939
1987
2006
1960
2006
1939
2007
2000
2011
2004
1964
1999
1933
1931
1959
1932
1947
1966
1982
1939
1976
1944
1982
1954
2011
1983
1990
1924
1936
1973
1955
1957
1995
1990
1966
1992
1990
1973
1968
1958
1930
1953
1931
2007
1953
1988
1999
1935
1929
1933
1941
1969
1922
1940
1985
1998
1973
1976
1985
1937
1950
1956
1957
2006
1945
1985
1946
1950
2007
1977
1991
1936
1965
1979
1956
2010
1922
1955
2010
1933
1996
1926
1931
1963
1922
1977
1944
1958
1925
1932
1959
1929
1930
1982
1958
1943
2001
1962
1962
1999
1926
1986
1924
1929
1930
1977
2000
1946
1979
1939
1993
1968
1946
1979
1951
1976
1948
1930
1925
1925
1959
2007
1979
1922
1972
2007
1931
1992
1955
1994
1994
1958
1925
1979
1972
1949
2008
1931
1924
2003
1939
1926
1995
1982
1974
1926
1956
2005
1924
1931
1940
1935
1998
2000
1989
1936
1978
1982
1957
2003
1969
1930
1973
1975
1936
1986
1926
1953
1964
1926
1974
1939
1950
1935
1982
1974
1991
1936
1927
1975
1999
1953
1957
2002
1987
1961
1944
1962
1974
1966
1926
1930
1988
1961
1926
1930
1990
1935
1951
1994
1980
1959
1955
1924
2005
1925
1958
1977
1925
1927
1956
1959
1960
1937
1940
1992
1989
1976
2005
2004
1960
1933
2008
1953
1953
1976
1930
1974
1977
1926
1948
1992
1974
2001
1990
1945
1960
1949
1956
1927
1928
1966
1941
1946
2006
2010
1982
1930
1974
1940
1952
1949
1986
1940
1979
2011
2007
1961
1953
1946
1994
1946
1993
1984
1978
2010
1930
2010
1976
1962
1957
1922
1948
2004
1958
1963
1934
1928
1976
1943
2005
1939
1932
1932
1943
2005
1950
1937
1945
1948
1983
2004
1925
2006
1929
1975
1958
1945
1975
1961
1952
1966
1985
1960
1928
1968
1993
2008
1954
1951
2002
1954
1994
1997
1946
1961
1924
1959
1974
1984
1986
1989
1984
1962
1941
1951
1955
1926
1975
1967
1983
1986
1980
2003
1995
1922
1951
2005
1964
1987
1950
1968
1943
1928
1977
2005
1934
1922
1933
2002
1950
1992
1942
2003
1975
1978
1987
1974
1959
1929
1979
1964
1957
1967
1999
1938
1951
2008
2010
1928
1982
1942
1943
1950
1924
1975
1996
1999
1972
1976
1971
2002
1982
1989
1992
2010
1961
1975
1952
1952
1954
1982
2010
1967
1926
1926
1942
1994
1978
1971
1937
1987
1940
1932
1963
1998
1993
1947
1979
2003
1998
2007
1940
1963
1966
1966
1980
1995
1994
1969
1970
1963
1987
1945
1997
1934
1965
2008
1960
1961
1947
1949
1968
2000
1930
1928
1980
1957
1972
1958
1945
1955
1992
1943
1956
1985
1932
2006
1976
1968
1994
1922
1963
1988
1958
1985
1968
1983
1948
1942
1961
2002
1998
1967
1968
1946
1997
1962
1987
2001
2007
1948
1997
1933
1925
1961
1994
1980
1974
1950
1987
1986
1998
1924
2008
1941
1975
1959
1945
1941
1977
1928
1959
1927
1977
1950
1946
1954
2004
1964
1940
1953
1955
1983
1942
1934
2007
1936
1974
1962
1944
2010
2003
1953
2000
1930
2007
1935
1944
1986
2008
1925
1976
1939
1953
2006
1965
1975
1936
1924
1944
1994
1955
1944
2006
1963
1951
2005
1958
1929
2004
1969
1984
1965
1976
2002
1977
1938
1957
2000
1967
2005
1960
2006
1945
2008
1925
1930
1933
1983
1939
1932
1983
1986
1957
1946
1964
2003
1947
1995
1948
1995
2010
1982
2002
1946
1939
1984
1934
2010
1964
1928
1987
1942
1964
1941
1949
2010
2003
1925
1980
1928
2001
1952
1979
1992
1964
1977
1971
1979
2011
2003
1957
1994
1991
1987
1935
2001
1940
2002
1930
1937
1985
1988
1963
1972
1974
1975
2008
1983
1983
1937
1979
1949
1926
1997
1953
1981
2009
1974
1955
1937
1960
1980
2002
1937
1965
1961
1998
1979
1934
1969
1980
1987
1999
1985
1953
1970
1977
1968
1926
1966
1972
1931
2009
1930
1977
1964
1938
1960
1980
1955
1966
1959
1925
1938
2001
1990
1937
1954
2008
1938
1933
1989
1957
1958
1925
1969
2000
1948
1983
1972
2008
1970
1938
1934
1952
1984
1984
1998
1933
1968
1946
2002
1945
1954
1964
2001
2002
1967
2008
1998
1969
1992
1969
1991
1974
1947
1953
1930
1973
1938
2000
1982
1946
1968
1972
1977
1929
1964
1932
1979
1997
1996
1972
1958
2003
1954
1997
2011
1970
1957
2009
1995
1999
1949
2008
2011
1946
1938
1948
1947
2006
1966
1984
1944
1933
1992
1941
1990
1936
1958
2003
1937
1972
1978
1965
1945
1995
2009
1987
1997
1965
1952
1945
1995
1955
1976
1978
1954
1998
1953
1977
1998
1961
1974
2003
2010
2011
1966
1979
2010
1998
1953
1951
1963
1966
1965
1988
2011
1932
2008
2010
1995
1980
1992
1955
1932
1935
1986
1968
2001
1934
1986
1933
1968
1974
1992
1953
1989
1982
1969
1951
1932
2004
1927
1953
1930
1995
1966
1991
1973
1930
1937
1971
1941
1985
1932
1959
1986
1989
1946
1954
1974
1977
1934
1974
1995
1947
1934
1947
1995
2008
1975
1971
1933
1942
1954
1964
1945
1997
1991
1946
1970
1985
1960
1986
1941
1969
2011
1925
1958
1958
1944
1930
1955
2011
1985
1996
1935
1948
1982
1935
2008
1939
1955
1983
1994
1990
1965
1984
1931
1961
1993
1989
2002
1983
1961
1976
1950
1964
1931
2003
1950
1966
1929
1964
1993
1977
1965
1975
1978
1962
1970
1990
1965
1936
1992
2003
1954
1999
1969
1980
1979
1955
1947
1956
1937
1935
1977
1995
1982
1926
1922
1938
1941
1933
1978
1996
1928
1933
1978
1933
1959
1938
2008
1978
1940
1985
2006
1999
1980
1976
1958
1958
1943
1958
1993
1937
1944
1980
1962
1986
1977
1940
1943
1982
1956
1946
2005
1971
1997
1991
1963
1967
1951
1994
1992
1964
1970
1926
1999
1968
1937
1960
1956
1937
1944
1940
1935
1978
2005
1998
1973
1954
1997
1966
1928
1960
1958
1942
1994
1928
1996
1950
1988
1967
1946
1952
1975
1982
1987
1949
1941
1979
1959
1967
1968
2009
1950
1983
1983
1955
1963
1961
1961
2001
1986
2004
1928
1929
1981
1952
1966
2008
1963
1957
1957
1940
1998
1981
1995
2003
1972
1941
1931
1946
1954
2001
1953
1960
1945
1927
1981
1947
1949
1935
1932
1973
1929
1928
2007
2005
2007
1931
1975
1980
1966
1929
1932
1988
1987
2006
1931
1922
1931
1984
1986
1949
1929
1975
1990
1959
1989
2002
1956
2002
1988
1949
1940
1948
1961
1971
1956
1966
1931
