x
-1 1
1 14.38656 56.99209
2 -271.90308 224.34343
3 -177.52235 230.41106
4 -102.15674 176.83889
5 -113.82401 133.39984
6 -68.94056999999999 78.99084999999999
7 -94.77176 76.77258
8 -41.36857 60.76478
9 -81.30293 69.20659999999999
10 -24.78041 40.56732
11 -22.18621 21.11596
12 -46.91628 58.2279
13 0.45291 319.41128
14 132.07875 24825.442
15 86.09045999999999 14331.41
16 56.8847 12368.579
17 100.69284 6857.1867
18 38.63932 5236.1222
19 26.92347 6082.3216
20 32.3502 5517.8815
21 32.74574 2908.5191
22 30.18454 2031.8175
23 25.39824 2109.678
24 12.0697 5144.073
25 -1115.0659 1324.0492
26 -4691.126 7742.8181
27 -4111.1967 3923.0991
28 -1420.8004 1708.4906
29 -2243.2706 1188.9205
30 -1187.9227 1237.6318
31 -1525.7939 1021.5935
32 -580.12644 824.7399
33 -568.60051 942.96925
34 -357.72116 1222.5692
35 -324.13873 648.38233
36 -524.64973 1051.3502
37 -2476.8643 4744.4732
38 -3348.1673 4466.5104
39 -3086.0955 2882.2941
40 -1997.3086 2422.6125
41 -1065.2553 1197.0634
42 -2630.1704 791.88008
43 -991.25504 430.49509
44 -341.58153 250.08604
45 -512.82866 383.46059
46 -390.29046 413.17454
47 -5273.0962 3440.9744
48 -1563.8426 4550.3854
49 -1990.7288 1590.7116
50 -1321.6583 1347.6938
51 -874.64292 1132.4806
52 -611.0513999999999 929.36783
53 -484.97932 797.90307
54 -1107.7973 790.5591899999999
55 -580.99341 288.68365
56 -2192.7291 3180.2357
57 -2084.4251 4905.9757
58 -2405.606 5128.7028
59 -1131.4113 2313.6307
60 -855.71885 2309.0397
61 -406.39773 733.07271
62 -529.27874 532.84696
63 -216.51934 407.70131
64 -3165.4761 6055.4678
65 -1858.2028 1538.1166
66 -1028.5496 1249.1694
67 -786.4219000000001 953.26116
68 -885.47103 2512.1068
69 -838.5669 3923.0975
70 -333.91939 364.80556
71 -2115.8095 2479.9648
72 -2868.2319 1753.8125
73 -1964.4549 916.23439
74 -534.38302 639.47793
75 -634.1199800000001 446.31789
76 -468.46621 152.14806
77 -2254.9286 2850.038
78 -974.6277 953.5351000000001
79 -2484.4514 779.80657
80 -1801.4725 1289.4635
81 -250.34866 361.6293
82 -1649.3025 1505.9122
83 -1095.3041 1080.6466
84 -853.14611 1706.2243
85 -165.50333 91.81607
86 -1702.5443 1424.4622
87 -1773.8169 1881.752
88 -92.92542 118.31359
89 -1403.6652 6707.5891
90 -153.1014 383.1629
