1924
2003
1980
1959
1962
1966
1988
2000
1970
1980
1928
2007
1939
1939
1999
1939
1951
1947
1948
1952
1943
1924
1948
1962
1975
1990
1967
2010
1924
1970
1949
1971
1959
1927
1958
1961
1954
1925
1947
1935
1922
1948
1995
2009
1968
1955
1947
2007
1992
1961
1993
2001
1930
1982
1951
1947
1987
1993
1974
1994
1959
1928
1927
2007
1991
1983
1984
2006
2008
1968
1987
1928
1956
1924
1989
1943
1948
1962
1961
1961
1948
1960
1929
1954
2004
1941
1937
1952
2002
1971
1966
1989
1933
1971
1935
1946
1960
1942
1936
1990
1980
1999
1941
1998
1936
1947
1924
1990
1945
1928
1945
1974
1988
1980
1976
1989
2010
1968
1934
1930
1982
1968
1934
1961
1974
1955
1931
1993
1963
1984
2003
1967
1925
1997
1954
1944
1929
2001
1992
1988
1998
1998
1974
1933
1982
1928
1937
1954
1957
1950
1952
1941
1945
1963
2006
1963
1944
2001
1952
1999
1998
1936
2008
1959
1994
1924
1948
1932
1999
1999
2006
1932
1974
1992
1980
1989
1979
1986
1968
1981
1943
1964
1948
1956
1993
1944
1947
1949
1927
1946
1970
2006
2004
1982
2001
1986
1932
1992
2006
1997
1971
1994
1936
2009
2005
1927
1932
1983
1945
1930
1931
1931
1962
1953
1947
1954
1952
2002
2008
1934
1948
1949
1976
1964
1937
1949
1943
1969
1953
1987
1958
1926
1936
1962
1998
1948
1953
1930
1939
1922
1964
1957
1939
1928
1988
2002
2006
1950
1970
2004
2009
1945
1927
1950
1938
1938
1960
1965
2000
1973
1995
1948
1952
2007
1970
1983
1937
1943
2010
1989
2009
1958
1993
1963
1965
2005
1927
1974
1973
1970
1934
1959
1976
2002
1943
1963
1982
1957
1986
1922
2001
2007
1982
1962
1944
1986
1979
1960
1941
1959
1922
1941
1953
1928
1961
1963
1952
1934
1931
1980
1945
2007
1988
1970
2011
1986
1964
1939
1982
1982
1997
1928
1974
1955
2008
1934
1974
2007
1974
1990
2005
2007
1934
1998
2004
1994
1964
1956
1991
1962
1961
2010
1999
1936
1951
1992
1929
2009
1971
1961
1992
1990
1939
1980
1986
1932
2007
2010
1953
1980
2003
2010
1936
1953
1953
1971
1975
1957
1947
1956
1934
2006
1977
1967
1938
1962
1957
2008
1992
1934
1926
1974
1925
1984
2008
1956
1961
1958
1994
1989
1928
1947
1954
1929
1922
1946
1963
1965
1963
1994
2009
1943
1998
1971
2007
1926
1965
1949
2008
1939
1948
1926
1925
1983
1938
1975
1943
1939
1971
1980
2007
1999
1945
1925
1975
1934
2002
1976
1939
1950
1937
1927
1954
2008
1928
1928
1950
1991
1938
1947
1922
1986
1935
1997
1981
1991
1976
2006
1958
1966
1953
1934
1937
2007
1992
2007
1934
2007
1943
1926
1949
1974
1971
1925
2006
1943
1981
1937
2003
1932
1930
2009
1926
1922
1971
1929
1979
1946
1962
2004
1957
1932
1941
1999
1942
1971
2003
2002
1965
2011
1969
1975
1939
1994
1928
1950
1971
1971
1983
1998
1973
1991
1930
1994
1938
1998
1931
2011
1978
1995
2006
1948
1986
1926
1969
1978
2002
2010
1972
1949
1928
1968
1968
1956
1934
1989
1928
1953
1957
1951
1922
1927
1948
1950
1935
1940
2001
1994
1942
1939
2006
2006
1951
2006
1932
2009
2003
1979
1967
1958
2005
2008
1934
1931
1926
1978
1978
2009
1969
1958
2007
1937
1929
1975
1959
2000
2002
1970
1985
1949
1968
1962
1993
1928
1970
1994
2009
1941
1946
1985
1925
1970
1949
1964
2002
1971
2011
1987
1930
1945
2009
2001
1927
2011
1966
1952
1971
1938
2002
1956
2005
1938
1977
1965
1987
2011
1959
1964
1975
1980
1978
1964
2011
1924
1963
1955
1967
1925
1967
2005
1938
1995
1947
1973
1933
1961
1983
1930
1975
1951
1966
1935
1947
1979
1958
1987
1962
1985
1951
1942
1958
1946
2006
1932
1925
2004
1984
1978
2008
1927
1980
1948
1935
1998
1930
1975
1964
1982
1983
1969
1957
2002
1993
1964
1975
1955
1966
1927
1950
1944
1979
1942
1953
1983
1985
2011
1987
1960
2006
1938
1963
1949
2008
2008
2007
2007
1961
1922
1978
1973
1974
1942
1932
1980
1939
1993
2002
1960
2006
1939
1996
2006
2011
1956
1963
2010
1933
1931
1954
1932
1947
1966
1975
1939
1972
1944
1988
1954
2011
1986
1950
1924
1936
1971
1955
1957
1964
1995
1964
1988
1973
1969
1962
1958
1930
1953
1931
2010
1953
1969
2003
1935
1929
1933
1941
1964
1922
1940
1993
2001
2001
2000
1965
1937
1950
1957
2007
2004
1945
1989
1946
1950
1962
1980
1950
1936
1962
1982
1960
1962
1922
1955
1958
1933
1992
1926
1931
1963
1922
1974
1944
1957
1925
1932
1993
1929
1930
1986
1958
1943
1993
1963
1978
2001
1926
1954
1924
1928
1930
1999
1997
1946
1973
1939
1992
1958
1946
1981
1951
1991
1948
1930
1925
1925
1960
2010
1976
1922
1958
2006
1931
1993
1955
1994
1966
1956
1925
1992
1964
1949
2007
1931
1924
2006
1939
1926
1993
2005
1967
1926
1955
1960
1924
1931
1940
1935
1993
2001
2006
1936
1975
1980
1957
1999
1995
1930
1974
1959
1936
1958
1926
1953
1991
1926
1977
1939
1950
1935
1984
1970
1975
1956
1927
1980
1993
1953
1957
1981
2010
1960
1944
1967
2001
1966
1926
1930
1985
1960
1926
1930
1990
1935
1957
1968
1980
2004
1966
1924
2002
1925
1958
1976
1925
1927
1957
1965
1960
1937
1940
1993
1988
1965
2008
1969
1953
1933
2001
1953
1953
1986
1930
1974
1974
1926
1948
1961
1981
1964
1991
1945
1965
1949
1956
1927
1928
1967
1941
1946
2006
1991
1980
1930
1987
1940
1952
1949
1989
1940
1977
2011
2005
1961
1953
1946
1981
1946
1992
1983
1975
2006
1930
1999
1974
1958
1954
1922
1948
2004
1958
1960
1934
1928
1976
1943
2006
1939
1932
1932
1943
1960
1950
1937
1945
1948
2004
2004
1925
1995
1929
1969
1960
1945
1955
1961
1952
1959
2000
1998
1928
1978
2002
2002
1926
1951
2010
1954
1981
1993
1946
1952
1924
1956
1972
1977
2005
1972
1987
1961
1941
1951
1955
1926
1962
1970
1985
1959
1958
1961
1956
1922
1951
2008
1955
1974
2007
1971
1943
1928
1982
2007
1934
1922
1933
2001
1950
1965
1942
2006
1984
1975
1986
1970
1962
1950
1957
1975
2007
1975
1992
1938
1951
1980
2005
1928
1965
1942
1943
1950
1924
1995
1999
2009
1964
1968
1940
2002
1982
1985
1991
2005
1958
1975
1952
1952
1954
1977
2002
1966
1926
1926
1942
2000
1997
1971
1937
1958
1940
1932
1970
1985
2007
1947
1974
2007
1985
2004
1940
1962
1927
1973
2002
1981
2000
2000
1987
1964
1985
1945
1971
1934
1972
2006
1975
1952
1947
1949
1971
1978
1930
1928
1972
1957
1971
1958
1945
1955
1981
1943
1968
2001
1932
1980
1980
1974
1969
1922
1962
1996
1965
1994
1961
2007
1948
1942
1961
1960
1999
2005
1968
1946
1977
1991
1997
2008
2008
1948
1957
1933
1925
1968
1968
1969
1975
1950
1981
1984
1995
1924
2008
1941
1966
1959
1945
1941
1975
1928
1939
1927
1977
1950
1946
1954
1995
1964
1940
1953
1955
2007
1942
1934
1994
1936
1995
1963
1944
2009
2000
1953
2009
1930
2008
1935
1944
1971
2006
1925
1977
1939
1953
2010
1966
1976
1936
1924
1944
2002
1955
1944
2008
1959
1969
1997
1957
1928
2010
1960
1984
1965
1974
2002
2006
1938
1957
2002
1985
2007
1966
1997
1945
2002
1925
1930
1933
1950
1939
1932
2008
1985
1957
1946
1961
1980
1947
2001
1948
1993
2010
1975
2002
1946
1939
1967
1934
2009
1959
1928
1960
1942
1964
1941
1949
2005
1983
1925
1977
1928
1967
1952
1975
2006
1990
1977
1977
1970
2011
2001
1957
1974
1962
1979
1935
2009
1940
1929
1930
1937
1994
2007
2000
1996
2000
1976
1970
1974
1990
1937
1986
1949
1926
1996
1953
1979
1998
1993
1955
1937
1974
1976
2004
1937
1960
1961
2007
1986
1934
1984
1970
1955
2008
1991
1953
1987
1977
1974
1926
1977
1973
1931
2002
1930
2009
1964
1938
1960
2007
1955
1968
1968
1925
1938
1999
1927
1937
1954
2006
1938
1933
1992
1960
1955
1925
1965
2006
1948
1985
1970
1997
1958
1938
1934
1952
1971
1969
1958
1933
1971
1946
1984
1945
1954
1963
2000
1993
2003
1968
1974
1976
1986
1969
1964
1980
1947
1953
1930
1975
1938
2008
1962
1946
1971
1976
1957
1929
1991
1932
1983
1971
1974
1996
1948
2006
1954
2004
2011
1988
1929
2006
1962
1968
1949
2008
2011
1946
1938
1948
1947
1982
1968
1983
1944
1933
1999
1941
1965
1936
1995
1995
1937
1970
1974
1957
1958
2000
1982
1964
1953
1970
1952
1945
2000
1955
1976
1992
1954
1996
1953
1978
2010
1954
1959
2008
2009
2011
1966
2009
2005
1989
1957
1951
1963
1968
1965
1956
2011
1932
1957
2000
1949
1981
1957
1955
1932
1935
1937
1971
1960
1934
1985
1933
1967
2006
1976
1953
1986
1980
2007
1951
1932
1974
1927
1953
1930
2005
1986
2007
1977
1930
1937
1968
1941
1965
1932
1959
1966
1988
1946
1954
1971
1970
1934
1984
1971
1947
1934
1947
1989
2007
1975
1983
1933
1942
1954
1990
1945
1994
1947
1946
1972
1981
1959
1969
1941
1969
2011
1925
1986
1959
1944
1930
1959
2011
1985
1975
1935
1948
1980
1935
2001
1939
1955
1985
2003
1969
1969
2007
1931
1962
1988
1984
1970
1985
1953
1964
1950
1967
1931
2007
1950
1966
1939
1963
1984
1981
1965
1974
1974
1977
2007
1957
1965
1936
1983
2005
1965
1956
1966
1970
1977
1955
1947
1956
1937
1935
1970
1956
1980
1926
1922
1938
1941
1933
2007
1999
1928
1933
1993
1933
1958
1938
1998
1977
1940
1993
1968
1981
1980
1995
1958
1957
1943
1965
1976
1937
1944
2010
1959
1986
1975
1940
1943
2006
1959
1946
2005
1970
1963
1998
2003
1968
1951
1981
1998
1990
2005
1926
1968
1967
1937
1965
1956
1937
1944
1940
1935
1978
1970
1992
1964
1956
2003
1966
1928
1960
1958
1942
1927
1928
1992
1950
1988
1964
1946
1952
1980
1975
1974
1949
1941
1972
1953
1964
1974
2010
1950
2009
1958
1955
1963
1961
1962
2001
1987
2006
1928
1929
1969
1952
1965
1973
1959
1957
1957
1940
2004
1965
2007
1997
1974
1941
1931
1946
1954
2002
1953
1960
1945
1927
1982
1947
1949
1935
1932
1970
1929
1928
2007
1972
2004
1931
1961
1968
1967
1929
1932
1968
1977
2010
1931
1922
1931
1956
1965
1949
1929
1974
1994
1959
1947
2002
1956
2006
2003
1949
1940
1948
1961
1971
1956
1983
1931
